3 3 0
3 4 1
3 5 2
3 6 3
3 7 4
3 8 5
3 9 6
4 3 7
4 4 8
4 5 9
4 6 10
4 7 11
4 8 12
4 9 13
5 3 14
5 4 15
5 5 16
5 6 17
5 7 18
5 8 19
5 9 20
6 3 21
6 4 22
6 5 23
6 6 24
6 7 25
6 8 26
6 9 27
7 3 28
7 4 29
7 5 30
7 6 31
7 7 32
7 8 33
7 9 34
8 3 35
8 4 36
8 5 37
8 6 38
8 7 39
8 8 40
8 9 41
9 3 42
9 4 43
9 5 44
9 6 45
9 7 46
9 8 47
9 9 48
0=41 
1=1 
2=7 
3=40 
4=21 
5=10 
6=17 
7=7 
8=4 
9=39 
10=13 
11=12 
12=22 
13=34 
14=21 
15=5 
16=29 
17=13 
18=21 
19=25 
20=28 
21=42 
22=40 
23=23 
24=11 
25=34 
26=35 
27=28 
28=44 
29=36 
30=35 
31=9 
32=38 
33=38 
34=23 
35=39 
36=30 
37=26 
38=45 
39=32 
40=19 
41=41 
42=48 
43=42 
44=19 
45=22 
46=40 
47=0 
48=42 
1 next 41
